1 0.798862 0.247259 0.121077 0.21616
1 0.093692 0.523532 0.120769 0.217372
1 0.037354 0.552823 0.074708 0.215749
1 0.173708 0.493686 0.120769 0.217351
1 0.2535 0.464127 0.120785 0.217372
1 0.331908 0.43153 0.122892 0.217351
1 0.411 0.402074 0.120462 0.216057
1 0.490538 0.371499 0.122615 0.216057
1 0.567462 0.34155 0.120769 0.21616
1 0.643154 0.308203 0.121077 0.21616
1 0.720462 0.277115 0.121077 0.21616
1 0.877231 0.215637 0.121077 0.21616
1 0.947215 0.185144 0.105569 0.21616
1 0.924162 0.403131 0.1246 0.216324
0 0.969962 0.374856 0.060077 0.210041
0 0.844923 0.434713 0.125231 0.21846
1 0.766592 0.467146 0.123338 0.219302
1 0.689238 0.499158 0.123338 0.219302
0 0.612831 0.531088 0.121969 0.219302
1 0.534515 0.562936 0.123338 0.221561
1 0.4549 0.59306 0.121892 0.221561
0 0.376362 0.624086 0.121892 0.221561
1 0.295646 0.655585 0.121908 0.221561
1 0.216854 0.686591 0.121892 0.223943
1 0.136785 0.718634 0.123108 0.224538
1 0.059154 0.750031 0.118308 0.227659
0 0.460431 0.973912 0.093169 0.052177
1 0.544846 0.957906 0.098308 0.084189
1 0.6278 0.94154 0.105015 0.11692
1 0.7118 0.925421 0.114554 0.149158
1 0.795369 0.909651 0.122185 0.180698
1 0.875592 0.893029 0.126138 0.213943
1 0.945738 0.868193 0.108523 0.228706
1 0.029308 0.101129 0.058615 0.202259
1 0.075954 0.08768 0.1164 0.175359
1 0.158931 0.072895 0.114754 0.145791
1 0.239792 0.06078 0.102877 0.121561
1 0.322 0.043768 0.101231 0.087536
