1 0.097339 0.507704 0.168736 0.103746
0 0.267118 0.403074 0.167465 0.102402
0 0.097228 0.403746 0.168736 0.103746
1 0.267114 0.297224 0.168078 0.104899
1 0.098189 0.298943 0.168293 0.106052
1 0.097849 0.612392 0.169091 0.103746
1 0.268433 0.610874 0.167568 0.104092
1 0.098688 0.716407 0.167576 0.104092
0 0.268437 0.714217 0.167576 0.104092
1 0.099464 0.819846 0.167576 0.104092
1 0.268518 0.81755 0.167576 0.104092
0 0.09969 0.92316 0.167568 0.104092
1 0.268651 0.921095 0.167576 0.104092
1 0.631098 0.913372 0.167576 0.104092
1 0.799368 0.911513 0.167576 0.104102
1 0.630872 0.810634 0.167568 0.104092
1 0.798987 0.807743 0.167568 0.104092
1 0.63095 0.708814 0.167738 0.10024
1 0.799217 0.706215 0.167539 0.100615
1 0.798596 0.603939 0.167184 0.105668
1 0.63017 0.60755 0.167184 0.102517
1 0.629978 0.504183 0.167184 0.102507
1 0.799165 0.502032 0.1668 0.102507
1 0.799372 0.396782 0.167184 0.102517
1 0.630096 0.401085 0.167184 0.102517
1 0.630067 0.295711 0.167184 0.102507
1 0.801678 0.292613 0.167184 0.102517
1 0.800495 0.187613 0.167184 0.102507
1 0.630665 0.189678 0.167184 0.102507
1 0.630503 0.083598 0.167184 0.102507
1 0.803082 0.082209 0.167184 0.102517
1 0.267572 0.087238 0.167694 0.108674
1 0.098817 0.194736 0.16748 0.106782
1 0.267295 0.191945 0.168145 0.106792
0 0.098581 0.090091 0.167701 0.108674
1 0.267853 0.506547 0.167576 0.103718
