0 0.634373 0.348907 0.102055 0.17653
1 0.450668 0.348593 0.090391 0.180902
1 0.357982 0.347978 0.094145 0.183388
0 0.2678 0.347029 0.102055 0.180287
1 0.174905 0.3486 0.115391 0.185915
1 0.083464 0.346414 0.121655 0.185314
1 0.937418 0.18584 0.117473 0.145861
1 0.858477 0.182083 0.110391 0.145861
1 0.779541 0.182398 0.104136 0.146489
1 0.698064 0.182145 0.098309 0.147732
0 0.617041 0.180895 0.093718 0.146489
1 0.099509 0.852889 0.152455 0.294221
1 0.216977 0.852923 0.137973 0.294153
1 0.335695 0.854426 0.124464 0.291148
0 0.456341 0.853299 0.115809 0.293402
1 0.574141 0.852684 0.128464 0.292254
1 0.689041 0.852923 0.139336 0.294153
1 0.804127 0.852548 0.154564 0.294904
1 0.916409 0.852172 0.167182 0.295656
1 0.045632 0.176284 0.091264 0.15265
1 0.117505 0.173818 0.104973 0.151489
1 0.20165 0.175389 0.099973 0.149604
0 0.284 0.179201 0.094564 0.150232
1 0.367109 0.17931 0.083727 0.147145
0 0.452305 0.178422 0.080845 0.147801
0 0.535182 0.18026 0.083273 0.146585
0 0.027014 0.349208 0.054027 0.185191
0 0.962273 0.349966 0.075455 0.176161
1 0.899723 0.349536 0.124536 0.17653
1 0.812227 0.349221 0.117909 0.177158
0 0.723723 0.349221 0.1133 0.177158
0 0.544605 0.349843 0.094973 0.179658
