1 0.862102 0.329768 0.220854 0.186545
1 0.861928 0.523505 0.220506 0.192182
1 0.862799 0.718187 0.221551 0.190919
1 0.863845 0.907545 0.22434 0.17903
0 0.628707 0.325384 0.225037 0.185293
1 0.110531 0.130389 0.216329 0.195929
1 0.110646 0.324813 0.21656 0.188313
1 0.110649 0.51547 0.215396 0.190919
1 0.110357 0.7065 0.215048 0.18999
1 0.110093 0.898798 0.217476 0.194747
1 0.628707 0.117556 0.227128 0.227859
1 0.628775 0.518434 0.225318 0.196061
1 0.628985 0.713364 0.224896 0.189293
1 0.629609 0.903414 0.225312 0.184788
1 0.862285 0.117576 0.220185 0.228788
