0 0.09268 0.155053 0.076796 0.276596
1 0.164669 0.159415 0.072762 0.27734
0 0.234047 0.163431 0.069751 0.278457
1 0.304247 0.169269 0.070511 0.276835
1 0.374448 0.173205 0.070442 0.278059
0 0.44364 0.180585 0.069075 0.271809
1 0.514157 0.185239 0.068923 0.274202
1 0.583315 0.188963 0.068923 0.271543
1 0.653108 0.19258 0.07058 0.270691
1 0.723757 0.197074 0.070994 0.268617
1 0.795235 0.201064 0.070028 0.269149
1 0.867334 0.205226 0.072403 0.26508
1 0.938978 0.208896 0.073149 0.264654
0 0.582942 0.788963 0.068094 0.278989
1 0.077417 0.750399 0.083287 0.27367
1 0.154765 0.754654 0.079144 0.27367
1 0.227403 0.760239 0.072265 0.275798
1 0.298066 0.766516 0.073204 0.273351
1 0.370028 0.772074 0.070442 0.273936
1 0.441575 0.777061 0.072376 0.276729
1 0.512224 0.783777 0.071961 0.278723
1 0.653522 0.794574 0.071133 0.27734
1 0.72538 0.800798 0.072445 0.278191
1 0.796091 0.80762 0.068867 0.277846
1 0.868508 0.815293 0.072099 0.272606
1 0.94221 0.821941 0.073923 0.273138
