1 0.16995 0.848441 0.199712 0.179323
1 0.169822 0.670133 0.200894 0.179334
1 0.17 0.494451 0.202 0.175805
1 0.170531 0.317458 0.201312 0.17596
1 0.170875 0.136459 0.20175 0.176582
1 0.652797 0.854639 0.208544 0.177425
1 0.652791 0.67571 0.208544 0.177436
0 0.652031 0.500721 0.208938 0.175916
1 0.651656 0.29101 0.209688 0.238402
1 0.651422 0.086032 0.210844 0.172064
1 0.867672 0.084478 0.205531 0.168957
1 0.867887 0.290694 0.204725 0.237037
1 0.869625 0.856781 0.20475 0.181487
1 0.868775 0.676415 0.203563 0.17414
1 0.867781 0.497625 0.203563 0.173918
