1 0.971065 0.821844 0.057871 0.250027
0 0.394887 0.370642 0.106871 0.207951
0 0.308427 0.373579 0.103306 0.203552
0 0.220597 0.373948 0.106032 0.20582
0 0.131274 0.374699 0.104645 0.204317
1 0.0375 0.159331 0.075 0.209754
1 0.113024 0.16082 0.103758 0.209126
1 0.200403 0.161913 0.105355 0.210929
1 0.619871 0.157213 0.10429 0.203716
1 0.285702 0.163074 0.102177 0.213634
1 0.369774 0.158142 0.10429 0.205574
0 0.453952 0.158757 0.106935 0.204617
1 0.566137 0.368538 0.110661 0.21194
1 0.481524 0.371298 0.110694 0.206421
1 0.935153 0.161202 0.112274 0.195628
0 0.857702 0.16179 0.111694 0.196639
0 0.781363 0.159016 0.106952 0.192896
0 0.653331 0.368142 0.109468 0.205519
1 0.04479 0.376954 0.089581 0.214727
1 0.959677 0.365697 0.080645 0.199973
0 0.539532 0.160369 0.109645 0.204617
0 0.897395 0.36679 0.10479 0.204617
1 0.817556 0.365437 0.108016 0.207322
1 0.73479 0.365437 0.11171 0.207377
0 0.702637 0.158115 0.110113 0.194699
1 0.898766 0.826995 0.118661 0.241639
1 0.813065 0.832883 0.115484 0.240792
1 0.723952 0.835137 0.123452 0.239672
1 0.633234 0.83873 0.12079 0.23429
1 0.545452 0.841844 0.115419 0.237077
1 0.452847 0.843648 0.116532 0.237077
1 0.361315 0.844549 0.112274 0.240683
0 0.269 0.849495 0.113871 0.243361
0 0.172411 0.851749 0.114403 0.244262
0 0.077218 0.85418 0.113339 0.241585
