0 0.562551 0.360907 0.068022 0.344363
0 0.61732 0.369265 0.069404 0.348725
1 0.672135 0.378431 0.069888 0.34902
0 0.725281 0.387745 0.066966 0.341176
0 0.777522 0.396275 0.069225 0.338824
0 0.829365 0.405294 0.071315 0.337059
1 0.882022 0.413627 0.071775 0.336863
0 0.934691 0.421765 0.065674 0.340784
0 0.973371 0.428603 0.053258 0.331716
1 0.045056 0.685784 0.06 0.368627
1 0.106118 0.68652 0.058753 0.373039
1 0.165697 0.688725 0.059708 0.368627
1 0.958657 0.773505 0.070798 0.339559
1 0.906809 0.764069 0.073169 0.337941
0 0.854966 0.759657 0.069483 0.352647
1 0.80114 0.752304 0.069112 0.349804
1 0.779494 0.984289 0.009056 0.008775
1 0.745949 0.744265 0.070775 0.348333
0 0.691253 0.743529 0.069472 0.352745
1 0.635466 0.735588 0.070461 0.352745
1 0.578191 0.725956 0.067438 0.346912
0 0.52032 0.722304 0.068438 0.357157
0 0.462635 0.714167 0.065719 0.364608
0 0.405073 0.709779 0.066101 0.361716
0 0.345382 0.702426 0.066719 0.361716
1 0.284629 0.701789 0.06409 0.360049
1 0.224972 0.694632 0.064753 0.364461
1 0.044129 0.31152 0.057472 0.353431
0 0.102972 0.313211 0.056056 0.352892
0 0.160337 0.317647 0.056854 0.348039
0 0.219045 0.323775 0.061236 0.356373
0 0.276315 0.327353 0.064944 0.353039
1 0.335135 0.331078 0.06427 0.351569
0 0.393309 0.343088 0.064933 0.35598
1 0.450039 0.348333 0.063966 0.348431
0 0.505955 0.355637 0.066292 0.348529
