0 0.380466 0.479336 0.063639 0.236356
0 0.316316 0.474025 0.063639 0.236356
0 0.252887 0.473912 0.063639 0.236356
0 0.189188 0.47315 0.063639 0.236356
0 0.126256 0.473475 0.063639 0.236384
1 0.062812 0.47315 0.063639 0.236356
1 0.830662 0.484675 0.063639 0.236356
1 0.637383 0.72274 0.063639 0.236384
1 0.894812 0.485706 0.063639 0.236384
1 0.95812 0.487797 0.063639 0.236384
1 0.956346 0.726794 0.063639 0.236356
1 0.832699 0.05339 0.062421 0.10678
1 0.896391 0.054237 0.062857 0.108475
1 0.961474 0.054054 0.062857 0.108107
1 0.892797 0.725523 0.063639 0.236356
1 0.829165 0.724703 0.062241 0.236469
1 0.764827 0.723785 0.063639 0.236384
1 0.701023 0.72428 0.063639 0.236356
0 0.768571 0.051977 0.063459 0.103955
1 0.704917 0.051836 0.062767 0.103672
0 0.640752 0.050424 0.063158 0.100847
1 0.703414 0.483503 0.063639 0.236384
0 0.576203 0.04904 0.062902 0.09774
0 0.512135 0.049322 0.062887 0.09774
1 0.447684 0.04887 0.062887 0.09774
1 0.383308 0.049153 0.063158 0.098305
1 0.318947 0.048729 0.062857 0.097458
0 0.255594 0.048503 0.060662 0.097006
0 0.192827 0.048729 0.060662 0.097458
0 0.130075 0.049011 0.062857 0.098023
0 0.06682 0.04887 0.058842 0.09774
0 0.017744 0.048432 0.035489 0.096864
0 0.061218 0.711243 0.063639 0.236384
1 0.123414 0.712288 0.063639 0.236384
1 0.187008 0.713319 0.063639 0.236356
1 0.250872 0.713842 0.063639 0.236384
1 0.315023 0.716977 0.063639 0.236384
1 0.380286 0.718023 0.063639 0.236384
1 0.444165 0.719251 0.063639 0.236356
1 0.508962 0.720127 0.063639 0.236356
0 0.572827 0.721427 0.063639 0.236356
0 0.767278 0.485071 0.063639 0.236356
1 0.638165 0.481935 0.063639 0.236356
1 0.574015 0.481412 0.063639 0.236384
1 0.509865 0.480381 0.063639 0.236356
0 0.444609 0.480367 0.063624 0.236384
