1 0.65007 0.06924 0.081882 0.072613
1 0.105871 0.07968 0.102079 0.072747
1 0.190091 0.077287 0.102065 0.07276
1 0.267051 0.076313 0.08809 0.072893
1 0.337711 0.07496 0.078792 0.07232
1 0.408982 0.07414 0.074733 0.07228
0 0.487381 0.072033 0.085632 0.072333
0 0.573041 0.070287 0.08625 0.072573
1 0.72191 0.066567 0.091292 0.072627
0 0.802739 0.064347 0.103792 0.073227
0 0.888904 0.063113 0.107584 0.072893
0 0.957444 0.061873 0.085112 0.071773
1 0.051103 0.263893 0.102205 0.100107
0 0.133919 0.263067 0.118118 0.1008
0 0.230618 0.262333 0.109551 0.099333
0 0.319874 0.2614 0.092275 0.1004
1 0.402107 0.260133 0.086517 0.099467
1 0.488764 0.258133 0.085112 0.0992
1 0.573385 0.257 0.091433 0.100133
0 0.66486 0.2552 0.111854 0.10048
0 0.762992 0.253733 0.117556 0.099733
1 0.852247 0.252533 0.115449 0.100533
0 0.938834 0.251867 0.122331 0.101333
0 0.049544 0.37006 0.099087 0.11292
1 0.127992 0.36976 0.11427 0.113467
1 0.223034 0.369467 0.116292 0.1144
1 0.328792 0.367933 0.114326 0.114267
1 0.428371 0.3672 0.093258 0.114667
0 0.52802 0.366 0.108567 0.114933
0 0.635604 0.364333 0.11559 0.1132
1 0.734494 0.36304 0.112247 0.1152
0 0.828441 0.362533 0.124017 0.115467
1 0.921699 0.3608 0.125983 0.116
1 0.062999 0.68002 0.125997 0.170867
1 0.167697 0.680733 0.15309 0.170533
1 0.413933 0.67976 0.113933 0.1704
0 0.528497 0.680053 0.115281 0.172107
0 0.640098 0.6804 0.127107 0.173333
1 0.757605 0.679593 0.152177 0.173027
0 0.896039 0.67896 0.178483 0.17232
1 0.037767 0.872747 0.075534 0.199067
1 0.11559 0.872153 0.174888 0.203453
0 0.245983 0.87224 0.142079 0.204
1 0.36625 0.871493 0.131348 0.20736
1 0.492697 0.8728 0.127247 0.209333
1 0.629424 0.872 0.157444 0.209067
1 0.773258 0.873853 0.180815 0.2112
1 0.909775 0.87288 0.174607 0.212
2 0.294754 0.681133 0.140379 0.169493
