0 0.834632 0.170965 0.210441 0.14068
1 0.92835 0.199191 0.143301 0.142187
1 0.070907 0.36335 0.141814 0.164825
1 0.148007 0.395657 0.233399 0.165432
1 0.274142 0.426296 0.234559 0.168143
0 0.401552 0.458442 0.236111 0.167252
1 0.530621 0.488787 0.23549 0.172978
1 0.660302 0.519706 0.237239 0.17875
1 0.790474 0.551425 0.239967 0.181121
0 0.902059 0.585083 0.195882 0.185055
1 0.072598 0.551553 0.145196 0.199614
1 0.152116 0.570625 0.240866 0.175331
1 0.27982 0.603975 0.239575 0.176241
1 0.405449 0.637845 0.249788 0.180377
1 0.535082 0.672541 0.249575 0.184513
1 0.673505 0.706613 0.241127 0.183447
1 0.220686 0.047275 0.197941 0.09455
0 0.807712 0.741176 0.245817 0.182537
1 0.465678 0.085312 0.20982 0.134412
1 0.588072 0.113323 0.209804 0.138226
1 0.71094 0.142137 0.20982 0.13795
0 0.346078 0.061425 0.218301 0.122849
