1 0.693082 0.598938 0.048992 0.172708
1 0.237645 0.591986 0.050945 0.176
1 0.292715 0.591646 0.050195 0.173292
1 0.347629 0.592021 0.050195 0.173292
1 0.402402 0.59159 0.050195 0.173292
0 0.471504 0.595097 0.050195 0.173278
1 0.526762 0.594917 0.050195 0.173278
1 0.638242 0.597813 0.048984 0.172708
1 0.967852 0.604097 0.048984 0.172722
1 0.582695 0.596597 0.050547 0.172083
1 0.930176 0.144493 0.049727 0.163431
1 0.979707 0.143563 0.040586 0.163208
1 0.876137 0.144451 0.049727 0.163431
2 0.820629 0.144014 0.049727 0.163417
1 0.76659 0.147056 0.049727 0.163417
1 0.713043 0.144882 0.049727 0.163431
1 0.65827 0.145313 0.049727 0.163431
1 0.604473 0.144882 0.049727 0.163431
1 0.550191 0.14575 0.049727 0.163417
0 0.496371 0.144167 0.049727 0.163417
1 0.394988 0.144896 0.052367 0.163403
1 0.339871 0.142354 0.049727 0.163431
1 0.286082 0.142715 0.049727 0.163431
1 0.232691 0.142715 0.049727 0.163431
1 0.178488 0.142715 0.049727 0.163431
1 0.124895 0.142715 0.049727 0.163431
1 0.073531 0.142375 0.044875 0.16275
1 0.023438 0.141118 0.046875 0.174708
1 0.184273 0.585028 0.052453 0.163833
1 0.913656 0.602653 0.049406 0.172722
1 0.858426 0.601938 0.048992 0.172014
1 0.803484 0.602361 0.048984 0.172722
1 0.748066 0.603083 0.048992 0.172722
