1 0.894403 0.8121 0.064306 0.27427
0 0.045517 0.174096 0.060445 0.264492
1 0.105585 0.173811 0.060445 0.264506
1 0.164974 0.17274 0.060228 0.263978
1 0.225374 0.172643 0.060228 0.263978
1 0.284772 0.172045 0.058212 0.263421
1 0.343535 0.171398 0.057875 0.262962
1 0.401433 0.170327 0.057875 0.262962
1 0.460434 0.169631 0.057875 0.262962
1 0.519103 0.166947 0.057875 0.262962
1 0.577738 0.166474 0.057875 0.262962
1 0.636525 0.163296 0.059572 0.261502
1 0.697801 0.161968 0.061165 0.263574
1 0.758966 0.159597 0.063335 0.262726
1 0.821785 0.158213 0.06414 0.26274
1 0.883966 0.15767 0.064335 0.264715
1 0.948544 0.157253 0.073101 0.265271
0 0.040677 0.826676 0.062279 0.272378
1 0.101442 0.826495 0.059823 0.272462
1 0.161985 0.824228 0.062279 0.272378
1 0.222727 0.82217 0.061114 0.272434
1 0.283295 0.820584 0.058995 0.273992
1 0.343027 0.820188 0.061176 0.273755
1 0.402724 0.817823 0.058972 0.274312
1 0.462404 0.81564 0.05936 0.274312
1 0.522559 0.813408 0.061336 0.273825
1 0.583147 0.812921 0.061336 0.273825
1 0.643978 0.813352 0.063512 0.274548
1 0.705625 0.814465 0.064021 0.273713
1 0.768075 0.814812 0.066362 0.273853
0 0.831382 0.81427 0.06482 0.27388
0 0.95988 0.810362 0.072701 0.273853
