1 0.356808 0.119896 0.089671 0.239792
1 0.270012 0.121875 0.084155 0.2425
1 0.183744 0.123437 0.086033 0.246458
1 0.103169 0.125833 0.081221 0.251667
1 0.032324 0.126104 0.064648 0.252208
1 0.447711 0.118438 0.090728 0.236875
1 0.539202 0.118958 0.090728 0.236875
1 0.631385 0.118698 0.092864 0.237396
1 0.71919 0.1175 0.08885 0.235
1 0.801995 0.118437 0.086385 0.234375
1 0.883979 0.118646 0.083451 0.236458
1 0.963192 0.118958 0.073615 0.237917
1 0.889718 0.766667 0.079343 0.2955
1 0.033903 0.777594 0.067805 0.305271
1 0.10446 0.781146 0.083099 0.309375
1 0.186444 0.783646 0.089789 0.312708
1 0.274002 0.783958 0.089554 0.31375
1 0.361561 0.783021 0.091667 0.314792
0 0.452054 0.783021 0.093779 0.313958
1 0.543486 0.781146 0.089554 0.316042
1 0.634331 0.781229 0.089554 0.312542
1 0.722641 0.776458 0.086174 0.307083
1 0.808873 0.773125 0.08108 0.305833
1 0.963732 0.761667 0.072535 0.2875
