0 0.50315 0.78835 0.072167 0.24726
1 0.076956 0.23613 0.076533 0.24094
1 0.148906 0.23738 0.070189 0.23844
1 0.216539 0.23844 0.071922 0.24056
1 0.286478 0.23928 0.072689 0.241
1 0.355161 0.24086 0.072344 0.23788
0 0.422767 0.24179 0.069133 0.23726
0 0.489711 0.24158 0.073667 0.23556
1 0.559989 0.24405 0.072467 0.2347
1 0.628333 0.2441 0.072444 0.2358
1 0.696194 0.24433 0.073611 0.2363
0 0.764394 0.24474 0.069878 0.23692
1 0.833122 0.24563 0.075067 0.23578
1 0.907283 0.24615 0.075344 0.2363
1 0.082111 0.7918 0.076222 0.2448
1 0.155089 0.79048 0.072178 0.24304
1 0.226111 0.7897 0.069867 0.2426
1 0.295656 0.78919 0.071 0.2457
1 0.365589 0.78799 0.070378 0.24362
1 0.434628 0.78815 0.071256 0.2457
0 0.571256 0.78601 0.071 0.24778
1 0.63965 0.78523 0.071011 0.2483
1 0.708911 0.78444 0.072156 0.25092
0 0.777306 0.78496 0.068678 0.25092
1 0.845289 0.78495 0.073644 0.2509
1 0.915256 0.78522 0.075644 0.25144
