1 0.549145 0.22477 0.09571 0.328198
1 0.940225 0.839629 0.09245 0.311519
1 0.048905 0.217323 0.09781 0.331184
1 0.148005 0.218799 0.10719 0.331307
1 0.25066 0.219912 0.10162 0.329011
1 0.351635 0.221422 0.09949 0.327509
1 0.45069 0.222562 0.09862 0.329788
1 0.84285 0.839664 0.0937 0.313604
1 0.745535 0.840716 0.09367 0.313693
1 0.6488 0.83909 0.0949 0.312597
1 0.55144 0.838595 0.09308 0.312527
1 0.45466 0.839302 0.09244 0.307191
1 0.35642 0.839823 0.09424 0.306148
0 0.2566 0.840389 0.09918 0.302862
1 0.15498 0.841961 0.09916 0.308304
1 0.051465 0.843675 0.10293 0.31265
1 0.94675 0.22689 0.1065 0.321731
1 0.843165 0.225309 0.09713 0.323587
1 0.74416 0.225954 0.09672 0.327385
1 0.6467 0.224823 0.0936 0.326678
