1 0.616268 0.578428 0.102767 0.255094
1 0.183208 0.129528 0.10566 0.251635
0 0.291876 0.128742 0.107652 0.250063
0 0.399539 0.129151 0.106667 0.25239
1 0.50847 0.129151 0.106164 0.25239
1 0.616635 0.129528 0.105178 0.253145
0 0.724298 0.130283 0.106164 0.253145
1 0.830723 0.131792 0.106688 0.254654
1 0.940388 0.132925 0.107652 0.253899
1 0.184182 0.577987 0.107568 0.254214
1 0.291363 0.578664 0.106792 0.255566
1 0.399927 0.579796 0.103962 0.254182
1 0.507788 0.57934 0.105765 0.25327
1 0.724392 0.57934 0.105094 0.25327
1 0.832904 0.579796 0.104549 0.250597
0 0.941069 0.580252 0.103354 0.249686
1 0.183889 0.837075 0.108155 0.253396
0 0.293501 0.839465 0.105241 0.252516
0 0.401384 0.840283 0.104654 0.25239
1 0.508711 0.838475 0.100398 0.252421
1 0.615964 0.838947 0.103375 0.246069
0 0.723166 0.839717 0.106289 0.24761
1 0.83174 0.837579 0.104654 0.248742
1 0.938071 0.838491 0.10457 0.246981
